Board,Moves
"[1, 0, 2, 8, 7, 4, 5, 6, 3]","[3, 1, 3, -1, -1, -3, 1, -3, -1, 3, 1, 3, -1, -3, -3, 1, 1, 3, 3, 0]"
"[6, 1, 2, 8, 3, 0, 4, 7, 5]","[-1, -1, -3, 1, 1, 3, -1, -1, 3, 1, 1, -3, -1, 3, 1, 0]"
"[1, 7, 6, 4, 3, 0, 8, 2, 5]","[-3, -1, 3, 3, 1, -3, -3, -1, 3, 3, -1, -3, 1, 1, 3, -1, -3, -1, 3, 1, 1, 0]"
"[3, 7, 1, 0, 6, 8, 5, 4, 2]","[-3, 1, 3, -1, 3, 1, 1, -3, -1, -3, 1, 3, -1, 3, -1, -3, -3, 1, 3, 3, -1, -3, 1, 3, 1, 0]"
"[1, 7, 8, 4, 2, 0, 6, 3, 5]","[-1, -3, -1, 3, 1, 3, -1, -3, -3, 1, 3, 1, -3, -1, 3, 3, 1, -3, -1, 3, 1, 0]"
"[1, 0, 6, 8, 3, 2, 5, 7, 4]","[3, 3, -1, -3, 1, 1, -3, -1, 3, 3, 1, -3, -1, 3, -1, -3, 1, 1, 3, 0]"
"[4, 1, 5, 0, 6, 2, 7, 3, 8]","[-3, 1, 1, 3, -1, 3, 1, -3, -1, -3, 1, 3, 3, 0]"
"[7, 1, 2, 4, 3, 0, 6, 5, 8]","[-1, -1, -3, 1, 1, 3, 3, -1, -1, -3, 1, 3, 1, -3, -1, 3, 1, 0]"
"[3, 0, 4, 2, 6, 7, 1, 8, 5]","[-1, 3, 3, 1, -3, 1, -3, -1, -1, 3, 1, 1, 3, -1, -1, -3, 1, 1, 3, 0]"
"[1, 4, 8, 0, 2, 3, 5, 7, 6]","[-3, 1, 3, -1, 3, 1, 1, -3, -3, -1, 3, 1, 3, -1, -3, -1, -3, 1, 1, 3, 3, 0]"
