Board,Moves
"[1, 7, 2, 4, 5, 6, 12, 3, 10, 15, 11, 17, 8, 9, 19, 0, 22, 13, 16, 14, 21, 23, 24, 18, 20]","[-5, 1, 1, 5, 1, 1, -5, -5, -1, 5, 5, 5, -1, -1, -5, 1, -5, -1, -1, 5, 1, -5, -5, -5, 1, 5, 5, 5, 1, 1, 5, 0]"
"[1, 7, 2, 4, 5, 6, 12, 3, 10, 15, 11, 17, 8, 9, 19, 0, 22, 13, 16, 14, 21, 23, 24, 18, 20]","[-5, 1, 1, 5, 1, 5, -1, -1, -5, 1, -5, -1, -1, 5, 1, -5, -5, -5, 1, 5, 5, 5, 1, 1, -5, -5, -1, 5, 5, 1, 5, 0]"
"[1, 7, 2, 4, 5, 6, 12, 3, 10, 15, 11, 17, 8, 9, 19, 0, 22, 13, 16, 14, 21, 23, 24, 18, 20]","[-5, 1, -5, -5, 1, 5, 5, 5, 1, 5, -1, -1, -5, 1, -5, -1, -1, 5, 1, -5, 1, 5, 1, 1, -5, -5, -1, 5, 5, 1, 5, 0]"
"[1, 7, 2, 4, 5, 6, 12, 3, 10, 15, 11, 17, 8, 9, 19, 0, 22, 13, 16, 14, 21, 23, 24, 18, 20]","[-5, 1, 1, 5, 1, 5, -1, -1, -5, 1, 1, 1, -5, -5, -1, 5, -1, -1, -1, 5, 1, -5, -5, -5, 1, 5, 5, 1, 5, 1, 5, 0]"
"[1, 7, 2, 4, 5, 6, 12, 3, 10, 15, 11, 17, 8, 9, 19, 0, 22, 13, 16, 14, 21, 23, 24, 18, 20]","[-5, 1, -5, -5, 1, 5, 5, 5, 1, 5, -1, -1, -5, 1, 1, 1, -5, -5, -1, 5, -1, -1, -1, 5, 1, -5, 1, 1, 5, 1, 5, 0]"
"[1, 7, 2, 4, 5, 6, 12, 3, 10, 15, 11, 17, 8, 9, 19, 0, 22, 13, 16, 14, 21, 23, 24, 18, 20]","[-5, 1, -5, -5, 1, 5, 5, 5, 1, 1, -5, -5, -1, 5, 5, 5, -1, -1, -5, 1, -5, -1, -1, 5, 1, -5, 1, 5, 1, 1, 5, 0]"
"[1, 2, 3, 4, 5, 6, 7, 8, 9, 10, 11, 13, 23, 20, 14, 16, 12, 0, 15, 24, 21, 17, 22, 19, 18]","[-5, -1, 5, 5, 1, 1, 1, -5, -1, -5, 1, 5, -1, 5, -1, -5, 1, 5, 1, 0]"
"[1, 2, 3, 4, 5, 6, 7, 8, 9, 10, 11, 13, 23, 20, 14, 16, 12, 0, 15, 24, 21, 17, 22, 19, 18]","[-5, -1, 5, 5, 1, 1, 1, -5, -1, 5, -1, -5, 1, -5, 1, 5, -1, 5, 1, 0]"
"[1, 0, 3, 9, 4, 6, 2, 13, 15, 5, 17, 7, 8, 12, 10, 11, 22, 18, 14, 20, 16, 21, 23, 19, 24]","[5, 1, 5, 1, -5, -1, -1, 5, -1, 5, 5, 1, -5, -5, 1, -5, 1, -5, 1, 5, 5, -1, 5, 5, 1, 0]"
